10263
9349
10263
9876
10065
10021
10336
9311
10417
9930
9951
10196
9793
10216
9824
9877
10057
10531
9298
10311
9837
10112
9860
9988
10235
10342
9283
10026
10742
9553
9759
10443
9775
9831
10165
10175
9706
10047
10146
9917
9819
10302
9655
10415
9879
10039
9602
10718
9416
9877
10626
9510
10181
10221
9619
10091
10034
10093
9745
10280
10119
9725
9710
10310
10085
10093
9873
10026
9949
9718
10396
9834
10117
9953
9990
10011
9951
9838
10237
10217
9751
10034
9829
10207
9856
10022
9821
10389
10069
9557
9937
10497
9577
10396
9819
9987
10000
10001
9999
10000
10000
10000
10000
10000
10001
9999
10000
10000
10000
10000
10000
10001
9999
10000
10000
10000
10000
10000
10000
10001
9999
10000
10000
10000
10000
10000
10004
10000
9996
9997
10003
10000
10001
9998
10001
10000
9997
10004
9999
10000
10001
9999
10000
10000
10000
10001
9998
10001
10000
10001
9998
10002
9999
10000
10001
9998
10001
10000
10001
10000
9994
10010
9995
9999
10002
10000
9999
10001
9999
10000
10000
10000
10001
9999
10001
9999
10000
9999
10002
9998
10003
9998
10000
10001
9999
10000
10000
10001
9998
10002
9990
10013
9996
10012
9979
10009
10001
9999
10000
9999
10002
9999
10000
10000
10001
9999
10000
10000
10000
10000
10000
10000
10000
10001
9999
10001
9998
10002
9998
10002
10001
9998
9610
10999
8643
11635
8298
11152
9298
10361
10312
10129
9429
9779
10499
9643
10305
10174
9359
10779
9596
9767
10146
10054
9964
10749
9316
9583
10375
10176
9318
10674
10434
9020
10660
9596
10682
9308
10193
9936
9873
10190
10015
9975
9996
9881
9851
10569
9729
10071
9853
10073
9976
10069
9796
10145
9989
10004
9816
10267
9827
9922
10164
9985
10360
9655
9935
10049
9985
10382
9322
10312
10095
9913
10000
10026
9978
9970
9979
10134
9934
9821
10310
9856
9964
10028
9862
10330
9831
10022
9949
10023
9959
10026
10138
9907
9900
9859
10412
9561
10229
9975
10130
9919
9979
9978
10024
10113
9809
9915
10161
10091
9906
10081
10138
9455
10329
9881
10307
9729
10042
9915
10162
9963
10084
9800
10135
10072
9914
9995
9963
10041
9971
10075
9704
10202
10553
9563
9559
10350
10020
9978
9819
10157
10309
9777
9909
10087
9962
9935
10194
9846
10033
9923
10167
9877
9659
10515
10047
9755
10162
9855
9686
10494
9928
9933
9961
9898
10124
10144
9477
11424
8324
10305
11231
9195
9095
10970
9877
9958
10024
9975
10021
9973
10002
10034
9980
9881
10211
9883
10035
12024
5747
12213
10011
9720
10809
9455
10011
10008
9981
9922
10092
9983
9909
10113
9982
10152
9844
10000
10009
9639
10398
9919
10268
9785
9787
10964
9264
10027
10030
9146
10855
10267
9394
10268
10027
9854
10120
9979
10046
9669
10347
9993
9932
10224
9806
9991
10000
9964
9902
10135
10064
9887
9985
12679
4803
12655
10016
9880
10161
9883
10003
9949
10030
9998
9772
10338
9920
10079
9892
10025
10119
9747
10117
10120
9740
10142
10041
9973
9810
10210
10011
9977
9956
10040
9972
10026
10100
9870
9818
10361
9699
10211
9958
9931
10238
9800
9962
9720
10459
9855
9984
9985
10012
10049
9960
10025
9995
9995
9988
10025
9967
9941
10084
10094
9878
10081
9960
9960
9947
10080
9977
10038
9983
9985
9994
10037
9968
10069
10136
9824
9886
9825
10284
9712
10323
9513
10458
10617
9736
9686
9838
10119
9947
10064
10027
9863
9742
10197
10901
9184
10015
9987
11385
6769
11889
10014
10017
12770
6439
10450
10886
6981
12670
9636
9997
10045
9947
10015
10014
9985
10020
9979
10008
10013
9975
9737
10499
9781
10001
9898
10226
10804
9026
9032
11010
9483
10495
10020
10008
9966
10114
9860
10072
10566
9431
9981
10009
9990
10212
9762
10043
10004
9983
9978
9616
10482
9860
10258
9814
9984
10011
10002
10001
9995
9987
10148
9862
9303
10733
10326
9646
10015
9967
9990
10074
9971
10091
9887
9995
10004
9953
10040
10004
10001
10099
9927
9970
9712
10546
9743
9999
10011
9994
10057
9908
10001
10026
10086
9846
10075
9998
9971
10103
9902
10025
10007
10000
9992
10067
9716
10312
9769
10395
9748
10001
9999
9677
10652
9665
10023
9973
10003
9989
10025
9994
9990
9689
10609
9706
10011
9980
10047
9965
10011
9879
9890
10203
10344
9691
9840
10173
10066
9894
10015
9981
10017
10009
9983
9744
10515
9744
10000
10003
9847
10199
10085
9859
9984
10028
9988
10004
10006
9803
10118
10096
9971
10022
10278
9697
10030
9972
9913
10079
9972
10229
9781
10040
9994
9975
10044
10057
9901
9916
10116
10044
9901
9972
10102
9987
10006
9962
10220
9770
10038
9965
10024
10044
9951
9986
10009
9999
10029
9876
10109
10001
9999
10003
9996
10000
10001
9998
10001
10002
9998
10001
10001
10000
9999
9999
9999
10002
10000
10002
9994
10006
10000
9995
10003
10003
9998
9997
9999
10003
10000
10003
9996
10000
10001
9999
10006
9995
9995
10004
10003
9996
10001
10003
9996
10004
9999
9997
10003
9996
10004
10054
9888
10058
10000
9998
10002
9998
10001
9998
10002
10000
10041
9921
10063
9949
10026
10000
9999
10001
10002
9997
9999
10002
9999
10002
9999
10001
9999
10001
9998
10001
9996
10004
10000
9999
10001
10000
10000
10000
10000
9999
10007
9994
10001
9999
9993
10008
10000
9999
10000
9999
10002
9999
9998
10002
10000
10004
9996
10000
9999
10001
10000
10000
9999
10001
10000
10000
9999
10001
10000
10000
9999
10002
9999
9999
10001
10000
9999
10000
10001
9997
10005
9998
9999
10001
9999
10000
10000
10001
10000
10000
10000
10000
10002
9999
9999
10000
9996
10005
9999
10000
10000
9999
10001
10000
10000
10000
10000
10000
10000
10000
10000
10000
10000
10000
10000
10000
9999
10001
10000
10000
10000
10000
9999
10001
10000
10000
10000
10000
9999
10001
10000
10000
10000
10000
10000
10000
10000
10000
9999
10000
10001
